1 2
1 15
1 14
1 19
1 27
1 28
1 25
1 5
1 17
1 6
1 12
1 32
1 29
2 1
2 10
2 5
2 16
2 32
2 31 
2 20
2 4
2 19
2 17
2 28
2 31
2 15
3 2
3 6
3 10
3 5
3 4
3 25
3 32
3 33
3 26
3 28
3 24
3 31
3 29
3 13
3 15
4 13
4 31
4 33
4 34
4 16
4 1
4 8
4 10
4 23
4 9
4 14
5 31
5 20
5 17
5 4
5 27
5 21
6 7
6 11
6 10
6 9
6 19
6 31
6 33
6 34
6 13
6 12
6 16
6 100
6 21
6 27
6 13
7 8
7 11
7 15
7 27
7 1
7 34
7 33
8 11
8 9
8 19
8 10
8 33
8 28 
8 30
8 4
8 26
9 7
9 8
9 19
9 10
9 28
9 30
9 13
9 24
10 11
10 8
10 26
10 19
10 7
10 31
10 13
10 30
10 4
10 28
11 9
11 10
11 7
11 31
11 15
12 17
12 35 
12 6
12 15
12 19
12 11
12 13
13 20
13 17
13 4
13 32
13 19
13 33
13 10
13 11
13 22
13 12
13 100
14 15
14 21
14 1
14 26
14 22
14 27
14 31
14 23
14 4
15 1
15 14
15 20
15 17
15 16
15 19
16 12
16 34
16 23
16 20
16 100
17 100
17 12
17 21
17 5
17 13
17 34
17 15
17 14
17 2
17 20
100 13
100 23
100 32
100 31
100 28
100 1
100 16
100 10
100 6
100 2
100 14
100 24
100 21
100 27
19 10
19 9
19 8
19 1
19 13
19 33
19 28
19 35
19 30
19 12
19 24
20 15
20 11
20 5
20 29
20 2
20 25
20 16
20 17
20 33
21 14
21 17
21 16
21 5
21 100
21 32
21 22
22 20
22 15
22 14
22 13
22 29
22 21
23 16
23 29
23 32
23 24
23 11
23 13
23 4
23 22
23 14
23 34
24 25
24 28
24 26
24 27
24 1
24 30
24 4
24 23
24 31
24 7
24 3
24 9
24 19
24 20
25 27
25 26
25 31
25 24
25 7
25 3
25 32
25 28
25 10
25 2
25 6
26 27
26 28
26 4
26 25
26 24
26 31
26 30
26 14
26 21
26 10
26 8
26 1
26 33
26 5
27 26
27 24
27 1
27 5
27 25
27 22
27 21
27 40
27 32
27 33
28 25
28 22
28 31
28 1
28 9
28 6
28 19
28 8
28 20
28 10
28 3
28 2
28 24
29 17
29 13
29 30
29 12
29 20
29 10
29 35 
29 22
29 1
29 29
30 13
30 4
30 26
30 31
30 6
30 10
30 11
30 8
31 32
31 4
31 28
31 11
31 20
31 30
31 15
31 24
31 19
32 31
32 34
32 33
32 13
32 100
32 23
32 3
32 27
33 5
33 32
33 34
33 30
33 8
33 6
33 20
33 35
33 26
33 27
34 33
34 32
34 16
34 9
34 35
34 1
34 23
34 7
